6.116919
4.548777
4.801375
5.289957
4.414371
4.521579
4.488973
5.716149
5.311852
3.826250
5.127673
1.957940
2.403118
4.770369
4.249172
3.264453
4.898742
3.770922
4.884711
5.027017
5.279177
4.132792
5.078950
5.705141
5.432913
4.219914
4.070754
5.686207
4.957114
5.476595
4.137521
2.208099
4.222914
5.524838
5.765586
4.677618
5.362964
5.977153
3.672344
1.751271
3.144569
5.716486
4.193112
3.059844
4.895593
4.624584
4.398860
3.639271
3.620429
5.120125
5.754048
3.602003
5.306944
5.792313
4.552028
4.606371
4.360647
5.090973
6.042316
5.173362
2.032274
4.312387
5.463873
4.184617
3.850387
3.836865
3.206234
5.522179
4.144815
5.659546
2.820694
4.231984
5.247766
4.741837
2.448541
4.498928
5.745737
4.849869
2.145581
2.691732
4.606684
5.019395
1.604755
4.809989
4.181849
4.893443
3.421196
3.712562
5.243042
5.587581
5.460448
4.099115
4.086591
2.298482
2.308331
5.346907
5.531216
4.164914
4.995930
3.434809
1.814842
4.767601
4.651005
4.383345
1.462883
5.791706
5.599319
5.669506
5.609307
2.100149
5.664874
3.630880
5.420449
5.141510
4.747725
2.731632
5.525147
3.096356
5.229977
4.526259
6.000140
4.961861
4.526368
3.368908
5.381038
4.954620
3.608783
5.221319
4.558404
3.413504
5.429418
5.875735
2.156725
4.322013
4.546574
3.950335
3.581488
3.744484
3.259813
5.163193
3.906763
3.702581
3.103455
5.764570
4.122248
3.743490
5.676104
4.535881
4.701547
4.351137
3.947608
5.759638
2.122488
2.846038
5.750590
4.038893
4.741505
4.347173
4.731067
5.008129
3.297932
4.485048
4.043833
3.125225
1.887148
4.524724
5.812057
5.268163
4.562965
4.096329
3.241110
2.631107
4.852603
2.662545
4.421012
3.902725
5.095929
4.270663
3.252953
6.192543
4.480638
5.132902
5.546130
1.791390
4.815436
3.896168
5.898207
5.049216
5.704572
3.746461
5.550432
4.786266
5.059736
3.494392
3.791917
4.431686
2.846458
3.339244
3.860955
5.712329
3.412295
4.258726
4.592163
3.655507
5.454575
5.018230
5.763053
4.525973
5.464930
5.140053
5.619353
5.943752
2.659855
1.813786
3.116392
4.388893
2.983138
2.040153
2.253243
4.590887
5.296965
4.893797
3.148329
5.106083
2.419021
4.596774
5.294045
3.517215
5.131964
4.993384
3.774623
2.769364
5.351715
5.491985
5.819034
3.560849
4.064271
5.004026
4.462610
3.326291
5.210071
4.523965
4.874965
4.617573
2.902595
3.546145
5.422356
3.394403
3.657081
5.489671
4.303104
4.754211
5.836503
4.764188
2.109864
5.911171
2.169173
5.621546
3.557302
5.706608
5.406198
5.664763
4.888280
3.208195
4.734621
3.710278
4.610409
1.565972
4.337468
4.768759
3.848328
1.851572
4.367150
3.392352
4.730111
4.633539
4.236920
2.295729
5.493371
3.691861
5.302479
3.881705
5.141090
4.501660
5.776362
5.699845
4.870011
4.320859
5.298762
4.255757
4.358744
4.814193
5.604850
5.786820
4.870204
5.601779
4.947323
3.578037
4.770587
5.390326
3.507139
5.364523
3.625500
2.303262
5.445147
5.065118
3.975531
4.279756
5.032222
3.948819
2.148186
2.090168
5.217017
4.599379
4.550288
4.403420
2.624853
5.518781
4.757143
4.738969
3.409727
4.816806
1.790712
4.229499
3.463423
4.278140
3.258900
4.570225
1.402584
5.520768
3.616499
4.021074
5.248488
5.302901
5.706374
3.764617
3.642334
5.338631
5.348958
1.456893
3.357058
4.691771
4.982130
5.340192
3.829375
3.503060
5.708208
4.792741
4.031221
5.550018
5.231204
4.716681
5.217662
5.370552
4.294883
4.684120
4.622052
3.162760
3.474920
4.923515
4.633247
4.272682
2.975794
4.277404
5.345092
5.559721
3.698215
5.206929
3.264032
4.294212
4.803847
4.897561
4.271631
5.750190
5.881241
4.066708
5.156100
3.871697
4.821206
3.078496
5.082883
3.649409
3.443187
5.059841
4.708446
4.854770
5.149829
5.302587
4.453645
3.289467
5.187004
3.791273
3.915484
3.591010
6.098876
4.698885
5.536887
1.776418
3.848871
2.340235
6.178847
5.987263
3.862196
4.776954
3.708022
5.686040
5.392831
4.849005
3.384675
4.983834
3.712256
2.671313
1.714925
5.060216
5.367425
2.125002
4.517670
4.405735
3.656384
3.927465
2.145958
5.684284
2.659148
6.066365
2.946515
4.121189
5.757992
5.452641
4.151506
5.761539
5.842664
3.085542
4.782171
4.670541
4.559262
4.243930
3.391056
5.740389
5.409218
3.996834
3.683820
4.574135
2.141444
4.604142
5.733247
5.786837
5.525941
5.264919
5.128228
2.834780
4.617388
5.826612
2.366171
4.484445
4.934969
2.600308
4.345623
5.646134
5.730987
5.882057
4.568980
4.996734
4.456013
4.649330
3.579099
1.772189
2.811081
3.906795
4.438058
3.999481
5.753848
5.009294
2.918574
2.953476
3.922024
4.447109
2.315702
1.444572
3.146636
4.004874
2.852668
4.146803
5.352654
2.994496
4.275010
2.968302
5.139659
4.290016
4.344820
4.684580
4.647593
3.462757
4.893865
3.748048
3.743868
4.976505
4.973724
4.820457
4.126481
4.963299
4.064212
3.648513
3.418095
5.102810
4.055605
3.673258
4.448607
3.457693
4.642672
3.665372
5.172917
1.796077
4.275302
2.839096
5.046657
3.400222
2.082887
4.585124
5.530427
4.220365
5.361219
5.337391
5.407982
3.762056
5.401478
3.277533
4.312696
4.974669
5.184485
4.674642
4.527699
4.865599
2.858582
3.854730
4.968245
2.746144
4.725209
4.621733
2.269461
3.234848
5.933731
5.075035
5.024580
5.978188
4.820939
5.349667
4.896034
3.700019
3.529227
4.714333
4.434916
4.278995
5.390234
4.595428
2.701762
4.303765
3.836850
5.532511
4.154257
4.120770
4.542109
5.057306
3.945862
4.837832
5.450206
2.276336
3.212267
4.161917
5.881338
5.499260
4.910341
4.536229
4.621786
3.014880
4.700523
4.026102
4.972787
3.058489
4.318870
3.183293
4.905836
3.950434
3.512146
4.017092
4.553659
5.175534
4.079041
5.211967
6.051821
4.673529
4.880123
2.159312
4.488650
5.645006
5.154415
2.404110
4.612061
3.829979
4.442975
2.799726
2.974440
5.207845
4.357940
4.515798
5.899574
2.814359
5.907255
5.376425
3.383952
5.324830
4.683299
3.498531
4.918818
5.602322
2.605142
6.172727
5.562521
4.676009
5.723254
4.969400
5.132001
3.427521
5.242190
5.289927
5.846342
4.913835
4.395144
4.621544
4.605385
2.037009
4.843596
4.362858
4.588017
4.067195
5.611585
5.503587
1.704617
4.357941
5.066515
5.841199
6.083520
4.864264
5.099502
2.657650
5.864209
3.716246
3.477586
5.179162
3.833989
5.265527
5.319751
2.461836
4.732738
3.544659
3.392423
4.118832
5.324464
5.646819
4.169341
5.248853
5.615423
4.312654
5.671476
5.557118
5.079528
4.309847
4.676497
4.716096
5.033172
4.961587
3.690962
4.466329
4.714864
4.931555
4.547036
5.256798
4.115690
4.713827
4.412752
5.125465
4.267346
3.313841
5.026096
3.873405
4.112340
3.841043
2.979775
5.409063
2.321124
5.395020
4.103150
3.185748
4.342556
2.861763
5.579616
4.884073
2.375357
5.755527
2.606537
5.604741
5.737288
3.005706
4.728374
3.182691
4.413684
2.548746
5.534654
3.943060
4.606387
2.734179
4.823416
4.409680
3.593067
3.927453
3.678163
5.295757
2.070070
4.629470
5.357505
4.663808
3.995106
3.023208
4.834414
4.204857
3.107517
3.742681
4.331143
3.216455
3.274898
5.866651
3.224737
3.717039
2.460771
5.318796
4.563197
5.384335
4.686975
4.358274
3.128697
5.245594
4.288773
3.601620
5.112832
5.169253
4.211107
2.749394
5.047674
2.883436
5.231079
2.888384
1.625172
5.220082
4.232373
2.245452
5.635520
4.389643
4.825375
3.363333
3.581723
5.089415
3.238820
4.867950
4.786353
2.838390
3.898067
4.163743
3.171983
5.701577
4.784822
5.387238
3.645468
5.336989
4.963136
5.518283
4.153957
5.460981
5.064178
4.856649
3.903978
5.069666
5.773930
4.574627
5.911824
2.298617
3.547899
5.386386
3.378044
3.489222
3.801729
3.789276
3.955446
5.125697
5.518178
5.055727
4.198534
5.638406
5.437555
5.298873
6.289547
5.113812
1.314870
2.068680
3.846313
3.287345
4.325445
5.393162
2.396135
2.781649
5.044549
3.821322
4.859581
3.307686
4.691574
3.512152
5.021827
4.873241
4.663097
4.110475
5.678973
1.357914
4.377567
5.634381
3.302221
4.318000
4.471671
4.168323
3.860686
4.322577
4.447940
3.384003
4.383072
4.617473
2.562799
4.647094
2.763060
5.280765
5.564615
1.617676
5.372518
5.804339
3.103938
5.090173
5.315288
4.023921
5.177747
3.444519
5.438621
5.710707
3.127358
2.195908
5.932677
4.560677
4.196964
2.795314
4.346051
5.357360
5.126687
4.975050
4.382651
3.160164
3.121469
4.674371
5.216887
4.475600
3.123315
4.694701
4.571188
3.590371
4.958696
5.842730
5.633663
5.635081
1.589285
4.788066
4.396482
2.960811
6.035779
5.166510
4.379665
5.888864
6.120975
2.154932
4.274500
1.826874
4.728442
3.809129
5.307045
6.063102
5.292006
5.059515
4.135962
3.708206
5.612838
3.497576
2.623527
4.829905
5.293853
4.674037
5.027789
5.776449
3.608328
5.206678
5.236379
5.473757
5.112936
5.105131
5.111748
4.789015
4.225791
5.254503
4.280350
3.660181
4.801925
3.918540
2.517305
4.906895
3.434136
5.674304
5.309754
4.277514
4.438288
5.086023
3.801683
5.381040
4.912869
2.470606
4.346707
4.899871
6.033269
5.240107
2.858127
4.265224
5.251337
4.113747
3.518577
5.882738
2.634033
2.341075
5.306029
5.230951
5.840284
4.515979
4.319448
4.569494
3.916225
4.012650
6.198640
4.936640
5.889690
4.944064
2.486203
5.817499
5.100376
3.769471
5.535754
3.740843
3.604135
5.312830
2.501078
5.234200
3.081304
4.549285
5.843580
3.967585
5.630533
4.058438
4.793077
3.727418
5.309907
4.872499
5.771009
3.859495
2.261493
3.340511
5.075176
3.962104
5.113468
5.236838
4.944078
4.598543
4.049684
4.755671
5.784003
3.462238
3.734850
3.912539
3.693495
4.332550
5.406770
5.146866
5.301748
5.566755
5.874327
4.586607
5.193016
1.279121
4.241797
5.080862
4.099031
4.965729
3.005175
3.351676
3.936655
4.558740
5.228624
2.750571
5.289946
4.834581
4.680227
5.210573
4.938992
3.550707
3.001509
5.686565
4.262838
4.387996
3.653480
3.729956
4.541797
4.563175
4.631866
5.389759
2.885854
4.166571
5.224755
5.320804
5.502331
3.296835
4.629342
5.414908
5.687620
4.320727
3.085655
4.912156
3.249663
5.619935
2.758667
4.704660
5.399842
5.433116
2.721061
3.850014
4.333357
2.629113
4.087630
4.087841
3.566099
5.344369
5.418947
5.322886
3.766314
3.630384
3.880294
5.528973
5.953492
3.577577
4.213254
4.298644
4.853552
5.339601
3.152938
5.639644
5.533024
5.863501
5.236417
4.529984
5.424263
3.075460
5.833606
5.909520
2.345926
1.597530
2.599433
5.571774
5.700724
5.284630
4.043962
4.973157
4.907996
4.083694
5.335362
3.032654
2.874207
4.664149
4.871829
2.600256
5.174555
2.203984
4.676444
4.632363
4.233689
2.286522
4.364787
3.388529
4.390293
5.491786
3.260710
5.329341
3.539324
4.465715
4.530365
4.240191
4.627795
2.301396
4.865574
3.812661
6.002506
6.029784
2.172178
3.856954
5.381967
5.422660
4.604330
3.444556
5.260625
5.578332
4.062971
2.030643
3.881781
5.516113
4.674667
4.722289
5.416214
4.016552
4.276317
5.730062
3.378245
4.382871
2.924733
4.849635
3.042538
5.465534
4.868988
4.149421
5.843370
5.340895
3.901800
3.979351
5.451808
5.005026
2.777216
3.676845
5.778654
4.414978
2.651723
5.571089
4.676377
5.478872
6.005086
4.349913
6.172594
5.324071
5.531182
5.764557
3.543760
5.136493
5.116070
5.720868
2.569419
5.458670
3.166663
5.574377
4.879567
4.953622
4.899902
4.507997
4.631520
4.530864
3.401615
4.835119
4.240252
2.414679
3.678229
4.246551
5.938741
4.029714
5.292078
4.626446
4.620552
2.264525
5.312622
3.603646
3.389218
5.390772
5.086795
4.074094
5.692969
4.826660
3.420608
5.671608
5.339171
4.186859
4.687841
4.990356
5.347925
4.476151
3.838512
4.548944
4.151685
4.390523
4.814311
3.304758
5.847103
5.479054
5.012496
5.546579
5.039476
5.381418
3.992727
4.085034
2.854731
5.784066
5.307712
3.677640
4.569341
5.599609
2.137641
4.207663
4.028193
4.569190
5.110188
4.637271
5.092663
1.526107
6.149376
3.594281
3.360542
4.824350
1.599221
5.807797
3.349648
5.165876
3.329918
2.239086
4.698790
3.610677
1.996243
2.140900
5.226570
4.913718
5.534103
4.671082
5.589221
5.955484
5.428109
5.137312
3.936209
4.641324
4.380819
2.507301
5.495926
4.818913
5.307740
5.246830
5.858477
3.538921
5.452809
4.293180
3.312043
4.031295
4.830319
3.647298
3.195858
3.669809
4.968755
4.365127
5.729660
4.354557
2.509517
3.365107
4.773829
4.954116
2.364011
2.674973
3.342449
5.963251
3.314893
4.034674
5.594450
4.521437
5.654922
4.508173
4.560513
5.931808
4.789980
4.757836
4.348272
3.788815
2.490129
4.397998
5.667088
5.390795
4.897339
1.527679
4.109259
5.662763
4.688967
4.840404
4.725273
4.111745
3.947874
4.367275
4.847048
5.763095
4.480141
5.188548
5.366951
3.431042
4.870693
3.035153
3.939087
3.556730
4.708008
3.950489
4.868935
5.528325
5.662915
5.041760
5.730880
4.506138
3.040464
1.889453
5.156886
4.278244
5.387131
4.318141
4.742573
3.635489
5.412593
3.847399
4.765954
5.384497
5.892511
3.639961
5.072989
5.294497
2.401568
5.420981
4.259722
3.295173
3.039571
3.106575
5.575288
3.381408
3.660802
4.909372
2.323537
4.428830
5.436214
5.427218
5.206748
4.498406
4.789571
5.550061
5.172274
4.687406
6.155136
4.174548
5.819211
5.410212
4.306267
5.231571
3.488760
4.602234
5.034061
5.693098
4.713473
2.200107
5.246456
4.175509
4.356322
4.524147
4.475449
4.799278
3.266199
1.840594
4.134778
5.283222
4.953929
4.791108
3.775875
4.755777
4.516080
4.230417
4.858624
2.970243
4.116815
4.443985
5.270120
4.573999
5.767381
4.249781
4.033733
4.303705
4.994208
4.236274
5.742002
2.528359
3.448277
4.974463
4.353179
4.229625
5.261851
2.994071
2.844676
3.747793
2.035480
3.717805
2.613394
4.044346
4.690329
4.313459
5.757328
5.487444
4.543732
3.433256
5.848266
5.313280
4.666374
3.622011
6.000722
2.458918
3.371388
3.962825
3.711648
4.371783
4.584625
5.538343
5.493106
4.280853
4.027575
5.248347
5.930781
4.500813
4.504829
4.614288
4.289985
3.714149
5.121850
1.809066
5.726986
4.602621
5.106255
3.919945
5.580397
3.832275
3.987399
3.442627
4.407278
5.397962
5.766825
5.137634
2.881896
4.544743
5.536918
3.656197
5.571788
4.512712
5.170742
3.752731
5.231912
4.925755
4.027025
4.427737
2.427568
3.767612
3.149261
3.304096
5.929644
4.448318
3.579062
2.100016
5.430666
4.991107
3.800649
4.564647
3.451674
4.728106
4.341916
5.204565
5.262403
4.145888
2.458354
3.443294
3.824493
3.123883
4.697381
5.224214
4.832186
4.243496
3.524684
5.562609
3.946284
5.565813
4.630960
4.231629
4.683058
3.903771
3.512423
6.097584
4.540050
2.929517
3.956537
5.382529
3.596626
5.606082
5.397277
4.991979
4.571043
4.025340
5.453407
4.704746
5.836560
3.704358
4.805434
1.913265
4.848675
3.519453
1.359807
4.876019
2.994577
5.043921
5.044177
3.886719
5.569960
5.373181
4.172672
4.775153
2.515168
2.116265
3.522347
4.737776
5.168342
5.653605
4.658172
4.102057
5.587431
5.911039
3.347510
3.783768
3.284493
4.552495
4.978903
5.224635
5.567551
4.534113
3.809356
4.533977
4.914132
2.627918
4.043608
2.765444
2.045892
5.630630
5.252027
5.028951
1.798425
4.236681
5.006258
4.907470
3.093235
5.825519
4.769730
3.977170
5.450915
3.073807
3.930710
4.868704
5.238372
5.214204
4.333050
5.383899
4.266726
5.770661
5.829675
5.598982
5.214702
2.945488
5.379657
4.578540
3.443099
5.608244
2.458078
4.418720
4.833004
3.717615
4.465828
5.793608
5.026777
4.179482
4.987321
5.149895
5.573931
5.448571
5.316223
5.786188
5.253915
2.850965
4.899690
4.769825
5.107571
3.402372
2.220661
2.088559
3.751469
3.694035
3.357503
2.205415
4.057744
3.581469
4.099201
2.555353
5.117585
5.471444
4.221767
4.433114
4.232831
4.842622
4.613148
3.902454
5.671192
5.004336
5.040862
5.016086
3.668629
5.068713
4.500003
4.654786
5.790558
4.476546
3.086132
4.024800
3.151691
4.408677
5.029136
5.534289
4.358629
5.221025
5.169231
4.682027
4.900299
4.767393
4.719449
4.717679
5.608567
3.251042
2.665663
5.507579
5.496310
5.450539
4.962227
3.677521
3.669427
4.495330
4.443213
5.808744
2.415293
5.646673
4.824603
3.434016
4.899926
5.046564
2.837430
4.866302
3.673814
5.526091
5.131429
3.558496
4.849237
2.357893
5.798814
4.447935
4.888259
4.230474
4.706341
5.339455
5.161981
4.708112
5.590466
2.873354
3.087684
4.251969
4.883615
3.390777
4.450462
1.432132
3.912810
5.366796
3.472270
4.461137
4.650887
4.546618
2.871311
4.158775
4.789330
5.241929
3.894051
5.798767
3.991929
5.352337
6.190154
3.098635
5.577378
3.935652
2.159614
3.383920
4.530582
2.539841
5.170325
3.072360
6.063308
5.250448
5.609206
4.446165
5.266021
3.774166
2.365879
4.936415
3.391356
4.975576
4.635692
5.310494
4.637445
4.503039
5.409022
2.282543
5.958861
5.319638
5.106004
5.096355
4.978042
2.596292
4.681198
3.273301
5.596313
4.496614
4.891194
4.881536
5.279668
5.746587
5.253727
4.249375
3.794158
4.145877
5.257352
5.357084
3.853053
3.129716
5.406066
3.318584
4.889715
5.404934
3.569921
5.013461
2.340691
5.494789
4.606299
1.400798
4.550325
4.452784
4.401793
4.289757
3.646773
5.206660
3.034957
2.905816
3.046641
5.692140
5.357932
5.789183
5.247856
4.766916
4.526532
4.910312
3.676349
6.095469
4.845075
5.118149
3.890172
3.057745
5.204032
5.089863
3.800115
4.950315
4.409468
5.376356
4.836071
4.507712
2.913130
3.446714
4.870273
2.784467
4.051368
2.727069
1.794900
3.485958
3.730608
5.662845
3.757506
4.982221
5.337737
2.579958
3.403709
3.361100
5.168852
5.147638
4.078843
4.792142
4.725434
4.780622
3.661385
2.136620
2.991330
4.075989
4.767353
2.943811
3.652995
2.261904
4.398001
4.251169
3.616335
5.794094
5.142009
4.066979
5.125007
4.779602
4.849427
4.325490
2.384164
2.533272
5.857961
5.598225
5.476763
5.140110
6.070425
5.683943
4.808187
5.409484
3.947144
5.289805
4.803967
5.054596
4.566213
4.284845
5.418540
5.074072
5.372460
4.854187
5.553249
4.381156
3.513634
4.434560
5.341012
3.990282
3.072474
4.447712
5.721929
3.349039
5.495648
4.713291
6.273496
4.497638
5.362444
4.975498
5.875885
5.300712
5.693497
4.896505
1.446627
3.692136
4.021636
4.979034
3.116450
5.210945
4.621517
5.632770
4.173110
4.414824
5.731243
5.511950
3.679897
4.543065
4.951473
4.857652
3.341107
4.934592
4.128512
3.066230
5.210572
5.525362
4.824947
5.943024
4.314893
5.246874
5.377845
5.677049
5.134585
2.334626
3.492834
3.019006
5.171185
5.587644
4.716020
5.113430
3.621979
4.572744
5.055502
4.092135
4.505194
4.467017
4.996713
4.839769
5.513665
5.137951
1.620040
4.209565
4.758659
1.468663
5.953495
5.659883
4.868097
6.056419
4.918393
4.153148
4.076325
3.517271
2.322947
4.918739
4.719103
5.298066
4.253912
5.378879
5.003752
4.786244
2.515727
5.441165
4.339740
3.205109
5.464507
4.981056
4.273413
4.327625
5.326736
5.277076
3.743155
5.807473
4.996561
4.924735
5.646919
5.068169
6.001937
3.906763
4.116563
4.706526
4.787706
3.579760
5.322048
4.930129
3.825825
5.621821
3.239086
5.086809
4.461201
5.068841
4.622909
4.763092
5.148569
4.398614
5.307860
5.359626
5.328590
5.607377
5.525728
3.355325
4.698534
5.868581
6.239666
4.420077
4.268272
5.570254
1.927801
5.774263
5.322307
3.882242
3.779014
2.585423
2.775757
4.920355
4.912847
3.537712
5.098683
5.728930
5.722168
2.699700
5.323032
4.660452
5.275607
4.380886
3.066442
5.519048
5.686836
5.684397
4.853285
5.625007
4.788451
5.260742
4.119617
1.671841
4.696634
4.791710
4.973811
5.113556
4.285632
5.391763
2.378960
5.624237
4.464118
5.941277
3.834177
4.647370
5.471434
4.071036
4.368503
2.472843
3.118928
5.081822
4.471463
4.712605
2.983459
4.672293
5.000401
5.043413
5.611881
2.440427
4.269388
4.620057
4.330791
4.464365
4.421295
5.526003
3.671851
4.973639
5.011827
3.931021
5.690956
5.480682
5.152150
4.823792
4.676745
2.275033
5.325483
5.613669
5.392456
3.454901
3.917027
4.473505
5.287465
4.936682
5.163236
5.047727
4.532877
2.497157
4.890736
5.380130
4.508243
1.636950
2.462644
5.135489
4.590725
5.382419
3.934909
4.886077
2.421803
4.535397
3.799667
4.438349
4.793063
5.444394
1.364042
3.844783
2.098644
4.631684
5.811571
2.430745
6.008812
2.594749
3.462168
3.724057
3.083454
4.430363
4.259254
4.546300
4.645382
4.767793
3.680225
2.330453
1.996016
5.576689
5.592322
4.537702
4.762756
5.058790
4.522071
3.789991
2.111549
4.256289
4.938879
4.624108
4.158650
4.273904
4.782749
3.339375
4.432761
4.114958
4.501253
4.386145
4.266634
4.277414
5.013073
3.573958
5.683602
3.726485
5.969088
4.199201
5.282798
3.112963
5.778614
3.725645
5.337487
2.531235
5.628781
2.860143
3.194584
3.882673
3.069950
5.565155
5.846912
3.024977
4.264185
1.917846
4.635584
4.095365
5.589326
4.848974
4.835651
4.573067
2.791140
5.951695
4.628728
3.873155
5.678802
4.828206
3.651670
5.401133
2.891572
5.051093
4.950764
3.355651
5.231270
3.184896
4.445539
5.264248
1.659514
5.693123
5.630787
5.224439
1.420110
4.082425
3.223581
3.690217
5.505596
4.357692
3.743503
5.387253
4.228717
5.542217
5.498124
1.472054
5.974721
3.726427
4.648002
4.974601
4.674543
5.388211
4.107215
5.353351
4.933725
4.049596
6.267281
5.345983
2.746639
4.627810
4.177026
3.274432
4.724565
4.045545
5.770647
4.733072
4.279681
3.130294
4.492012
3.927527
3.273968
3.282720
5.349409
5.080617
3.970263
4.169385
5.008206
5.892854
5.874639
4.680251
4.139462
4.066087
4.138779
4.920885
2.212385
4.932640
4.252985
3.990072
2.507286
5.250901
5.001965
1.946233
4.715133
4.834813
5.699246
4.787923
5.744436
5.770770
4.001692
2.747596
3.114701
4.241757
4.053442
4.337946
2.494192
3.488585
5.908912
5.610569
3.473477
4.299585
4.635685
3.764273
5.548741
4.714031
4.648287
5.176592
3.333809
4.494390
2.064594
5.031273
2.901462
4.747869
4.854939
5.342882
5.720545
5.662902
6.041677
4.532770
4.840712
3.850985
5.850205
3.851775
4.160225
4.206506
5.173342
6.333876
5.870285
5.481743
1.670117
5.731141
3.284019
3.472879
5.197797
3.964983
5.018899
6.269493
4.097077
5.670863
4.452745
5.796599
3.504359
5.196558
3.988389
2.003233
4.188375
2.614789
1.431096
2.673617
4.311402
6.018511
4.914533
5.374879
3.350328
5.440519
2.947401
4.771255
3.643048
4.129321
4.637486
4.411335
2.568059
4.662481
3.603791
5.674490
3.515118
5.799788
2.474573
4.375057
5.925175
3.272156
4.764758
3.871890
5.307343
2.802032
4.774267
4.983226
5.776831
4.368770
4.966489
4.781912
4.883168
5.507998
4.362604
4.004866
4.330150
5.784372
2.551387
2.826074
4.679101
5.005058
3.833385
5.519909
5.633301
4.550214
5.241899
4.743799
4.766939
4.465653
4.690756
5.869436
4.738797
4.456927
4.103863
5.425901
5.609113
4.524730
2.809210
4.772268
5.205577
4.820697
4.309219
5.977614
5.817850
4.030436
4.584292
2.372530
4.939513
5.745796
5.712014
2.199314
5.218937
5.074866
5.287256
4.346717
3.210835
5.694625
3.833101
5.656989
3.498182
4.776721
4.843583
2.973224
1.674745
4.885118
3.028025
5.793995
4.686915
2.716808
4.434735
4.251870
4.473455
5.746023
3.115095
2.041649
4.881006
5.754329
4.293646
4.641511
5.589864
3.368585
5.197084
4.783330
4.333604
3.589525
5.331473
4.167236
5.068315
3.452809
5.248572
3.631351
5.267088
4.647530
5.608004
4.291211
5.812963
2.630164
2.789218
5.761050
5.321896
5.270717
5.102912
4.566973
4.928857
4.077425
4.740702
5.522978
4.875501
4.219044
3.661245
3.973527
3.336915
4.389174
4.670016
5.367830
5.790324
5.390959
4.407238
3.144953
4.206496
4.359689
3.960154
5.085632
4.419648
5.247587
5.546449
4.766774
4.819191
2.789817
5.976089
3.344441
5.418429
5.326097
4.863261
4.406180
3.122389
4.687232
3.581774
5.684361
5.061577
5.616221
2.294922
2.136489
3.370864
2.399783
4.420278
5.630722
5.054133
6.088878
1.747175
5.469903
4.057194
5.186515
5.309690
4.508086
5.617846
3.134897
4.555120
3.633016
5.431911
2.717884
5.757492
3.600665
4.470986
5.177727
4.499597
5.749708
5.787308
4.712209
4.824569
4.618769
3.863323
4.304261
3.329464
5.326186
3.757497
2.349192
5.299357
2.726393
3.380545
3.728335
5.461968
3.788551
4.598123
5.913706
4.246736
5.348144
4.820684
3.393863
5.699341
4.451919
1.746976
4.215736
4.680589
5.284455
2.258605
5.760325
5.696940
4.451213
4.101398
4.506241
5.789870
5.416024
4.758947
5.915981
5.690172
5.514378
1.539360
5.090569
5.426985
5.006091
5.086535
4.642508
6.160142
4.914899
5.675243
3.311755
5.944688
4.510534
4.399981
5.321883
5.783387
4.506679
5.792197
4.673973
5.629705
5.894511
3.772902
3.782504
5.607402
4.778077
4.619528
3.246984
5.812091
2.568113
5.127182
5.396350
3.031144
4.227792
4.256143
4.236423
3.678057
5.489078
3.940558
2.148336
4.906424
5.148812
4.029679
3.949151
5.176456
5.573578
3.501096
3.758980
5.438858
5.443416
4.884221
5.280055
5.583211
5.710260
4.644773
5.288554
3.027138
3.485435
5.260111
4.760304
4.903480
5.810439
3.187045
4.845443
4.536400
3.553471
4.957294
5.595489
5.753538
4.007479
5.729359
3.280258
3.695562
1.735737
5.955577
3.590347
5.705888
4.001939
5.763377
3.427422
2.221727
4.751293
4.423834
5.227715
5.118062
4.268175
5.002327
5.041733
4.332087
2.588989
5.555873
4.220428
3.853989
4.606838
4.819285
2.804927
3.965001
3.166326
4.854577
4.879887
5.227612
4.361467
4.375116
3.188668
5.668474
2.638798
2.595776
3.767064
4.751218
3.343308
2.616768
4.776445
3.596706
3.832056
3.550831
5.236383
4.667284
5.047830
3.921017
2.222202
3.985913
3.150203
4.773797
5.443437
5.133579
4.442184
4.597142
5.850747
4.538351
5.706831
4.088873
5.628287
3.847890
5.760058
4.764326
6.395314
3.352649
5.961425
5.594756
3.641567
3.178383
5.571970
5.580008
5.568666
4.503746
3.021006
5.511747
4.818539
5.878193
2.884287
6.196267
4.581501
4.182733
5.054476
2.944940
4.368505
3.864864
4.845777
4.302433
3.507954
5.023173
2.869930
4.978255
4.664018
4.436020
3.852905
5.256766
4.401694
5.187674
1.907505
4.212771
4.928864
2.039859
5.300946
5.238904
3.629726
5.026872
3.484180
4.602037
5.298628
3.474485
4.835975
4.624270
5.737231
6.058505
2.670877
3.968816
5.464862
4.726632
5.697834
1.599647
4.090055
4.113073
2.213875
3.983874
5.235183
5.912989
4.477585
5.652948
5.507366
3.299418
5.012409
4.742082
5.152169
3.475770
5.716115
3.158028
4.508076
2.704414
4.410000
3.739356
3.105287
4.819453
3.989483
5.328829
4.795391
3.639549
3.615695
4.348272
3.832248
4.750133
5.105673
4.551687
4.625021
1.697746
4.727823
4.734450
4.345955
5.041718
4.120335
3.202946
5.888063
3.823163
5.247540
5.059715
5.541008
5.282960
3.430648
5.520964
4.858568
4.334650
1.655567
3.700653
5.632345
5.344097
4.480789
3.831737
3.564939
5.100447
4.400221
4.598468
3.609035
3.240114
4.524623
4.634482
3.724592
4.604125
2.484255
3.315736
3.045242
3.392284
3.689451
2.638149
4.167321
5.344097
2.537037
5.851150
4.229483
5.077154
4.906954
5.746715
5.880406
5.166000
4.564170
5.111723
4.265927
4.028936
4.187401
4.637995
3.909413
4.877326
5.415536
4.379839
4.930944
5.660492
5.638034
4.501626
4.670804
3.897275
4.806301
5.005913
4.014593
5.881221
2.800868
1.819291
5.828117
5.251488
4.561099
4.796947
5.142134
5.152184
2.545362
2.635687
5.359348
4.934091
5.602970
5.112154
5.476968
3.924150
4.380460
4.319385
5.565445
4.592082
2.722406
5.820691
3.641820
2.896531
2.246001
3.906149
2.061421
5.441423
6.000297
4.279042
4.597769
2.937888
5.958099
4.777272
4.802168
2.811859
6.136486
4.242702
5.591640
5.626570
5.716821
4.590371
5.438861
2.034442
4.864623
4.261270
5.073290
5.448378
5.318494
4.948689
4.301092
5.492914
2.353827
3.531978
5.657728
4.607886
4.944876
4.505105
5.791968
5.492081
4.669675
4.790643
4.769524
3.846450
4.941971
4.382759
3.930445
3.413089
2.983225
2.536035
3.254590
5.753954
2.966693
5.079321
4.745811
4.825704
4.409013
4.345239
4.886177
4.824845
5.318848
5.313832
3.520176
5.423310
3.750299
3.659837
3.843000
5.063666
4.851434
3.495902
3.313208
4.720671
5.504697
5.511999
4.515932
4.040284
5.326653
1.469893
5.645722
4.267785
5.736740
3.679718
5.299412
5.809960
5.214998
4.206921
4.438204
3.812538
1.852826
2.950415
4.212819
3.860333
4.807924
3.776888
2.909308
3.075593
5.105431
5.606187
4.645031
6.030156
5.010273
5.784534
4.308572
2.329351
5.387708
5.674972
3.932681
3.720532
4.561568
5.617287
4.383424
2.827440
5.304195
4.115163
5.008057
3.788679
4.790784
5.759410
3.584487
3.373537
4.924384
5.923542
4.825812
4.979033
4.015686
5.807647
5.381580
4.874045
5.562602
4.494106
5.343393
5.768200
4.559764
5.460155
4.841635
4.839323
3.920622
3.745463
5.474056
5.606446
4.916037
4.144163
5.763667
5.109151
3.056873
6.081610
2.984802
4.597919
5.668470
4.711689
5.075209
5.809060
2.052016
4.991965
4.564584
5.165557
1.616816
5.805473
5.207380
5.050110
3.109109
5.559053
3.401510
4.850798
4.119547
2.596843
4.130326
6.116919
4.548777
4.801375
