5.714469
4.422475
4.897893
5.291298
4.413218
5.051517
4.748482
5.449842
4.786350
3.842294
5.082343
2.293557
2.279212
4.809009
4.195234
3.208436
5.031096
3.914884
5.159760
4.562632
5.170007
4.289161
4.491076
5.745881
5.412668
4.212211
3.947069
5.718091
4.290185
5.356294
4.301125
2.302725
4.218709
5.388318
5.343069
4.616813
4.967990
5.774127
3.686597
1.833822
3.074826
5.540535
4.549836
3.046719
4.817040
3.929414
4.584905
3.216162
4.709891
5.342303
5.569783
3.618481
5.177772
5.745111
4.437598
4.190331
4.345465
5.165507
5.852412
4.967004
2.296042
4.700622
5.376796
3.983464
3.999780
3.933124
2.778789
4.994074
4.235195
5.439117
2.738043
4.177419
4.770300
4.411123
2.624583
4.579534
5.780883
5.079969
1.982747
2.723866
4.379126
5.179914
1.622614
4.572395
4.014711
4.980085
3.045516
3.210042
5.180231
5.676723
5.505651
4.417166
3.667321
2.864444
2.125769
5.078413
5.419149
4.661933
5.198977
2.741593
2.291314
4.750035
4.875231
4.689891
1.702063
5.636202
5.193884
5.453693
5.706022
1.979408
5.546008
2.268026
5.171983
5.353885
4.906512
2.605798
5.115053
3.400351
5.187607
4.807861
5.898339
5.177587
4.900352
3.732932
5.110047
5.063115
3.873266
5.097896
4.519239
3.152517
5.536649
5.787218
2.400673
4.280556
3.990756
3.645563
3.566121
3.643049
3.045527
5.560094
4.224670
3.756929
3.235266
5.527816
3.533784
3.222805
5.473070
4.820688
4.898678
4.502279
3.970750
5.516101
1.945482
2.642166
5.882780
3.561155
4.627542
4.535426
4.436137
4.876720
3.881216
4.007427
4.306181
3.283625
2.092094
4.910087
5.542251
5.335330
4.521346
4.087863
3.346941
2.269927
4.473734
2.677923
4.464736
3.233845
4.412994
4.035950
3.302126
5.775652
4.088389
4.791979
5.634341
2.091850
4.498697
3.890989
5.742657
5.312419
5.664759
3.698884
5.554840
5.260640
4.989569
3.515494
4.134559
4.275394
2.720965
3.438711
4.059304
5.642925
3.861385
3.968603
4.703003
3.006104
5.251938
4.909025
5.634723
4.276447
5.349997
4.965171
5.417327
5.197831
3.359183
1.476473
2.477651
4.721574
2.913398
2.099396
2.465250
4.531030
5.140458
5.072614
3.187771
5.265876
2.540156
4.340899
5.283689
3.292732
4.856016
5.269452
3.627975
2.806998
5.329809
5.624852
5.841310
3.556064
4.080858
5.395583
4.256821
2.878756
5.171057
4.276481
4.657822
4.835856
2.478069
4.352196
5.358368
2.925171
3.909203
5.349870
4.224534
4.161676
5.551414
4.660044
1.868634
5.706112
2.455052
5.418746
3.422108
5.219387
5.297935
5.554539
4.833376
3.114303
3.794555
3.766355
4.251794
2.206548
4.573994
4.451747
3.493347
1.880544
4.284990
3.078147
4.857076
4.521887
4.069425
2.314075
4.745034
3.621127
5.529477
3.796635
5.133136
4.590516
5.631750
5.645475
5.055379
4.246651
5.170344
4.343119
4.104122
4.875247
5.546297
5.473050
5.298938
5.343963
4.771945
3.205946
4.264250
5.591860
3.445344
5.243546
4.027531
2.340647
4.997722
5.204082
3.502210
3.802984
4.905594
3.996750
2.680492
2.333835
4.888681
4.650573
4.530502
4.547355
3.120415
5.183956
4.532395
4.566391
3.118042
4.405107
2.004184
4.408736
3.254505
3.876557
3.145630
4.605135
1.498652
4.617562
4.237675
4.087877
4.659633
5.559906
5.670176
3.484931
4.038101
5.212207
5.388676
1.710260
3.529153
4.831516
4.856745
5.181650
3.884719
3.903945
5.593784
4.995537
3.941440
5.588339
5.037890
4.775164
4.851880
5.515427
4.162925
4.581363
4.626173
3.072086
3.278461
5.158892
4.844818
4.174569
2.864022
4.081906
5.198790
5.450859
3.323573
5.057172
3.558904
4.053158
4.486863
4.732308
3.666047
5.536201
5.524735
3.844664
5.224320
3.526721
5.211585
3.101160
5.085912
4.202916
3.452130
4.914299
4.859175
5.113943
4.475853
5.483560
4.845078
3.326184
4.934481
4.261814
3.670348
3.509151
5.965537
4.869463
5.434893
2.416885
3.407575
2.337287
5.861751
5.904682
3.407054
4.838854
3.958969
5.739447
5.271173
4.774588
3.185411
4.934369
3.656263
2.852086
2.117512
4.929892
5.246345
2.633403
4.764637
4.655492
3.877929
3.693992
2.063635
4.616309
2.838906
5.452682
2.736695
3.820050
5.732993
5.296943
4.066643
5.354909
5.599672
3.056998
4.948609
4.706978
4.560395
4.432113
3.959712
6.189404
5.254338
3.997315
3.918447
4.504170
2.279356
4.613044
5.864199
5.247864
4.972411
5.122389
4.981484
2.644196
5.087005
5.877301
3.020004
4.434292
5.052047
2.683327
4.289459
5.458891
5.449238
5.673800
4.643124
5.176247
4.482612
4.309578
3.440778
1.899917
2.743745
4.044241
4.584442
3.742570
5.481607
5.256158
2.909301
3.036595
3.661337
4.390769
3.438274
1.788216
3.604214
4.052113
2.415301
3.861474
5.289944
2.814100
4.112541
3.562705
5.472558
4.334544
4.190248
4.603557
4.311104
3.147334
4.896739
3.337651
4.071043
4.991815
4.380489
4.767508
4.603306
4.828247
4.032215
3.418019
4.122775
5.217897
3.987711
3.824693
4.565957
3.523372
4.696457
3.870737
5.051517
2.306877
4.107134
3.245659
4.924106
3.038618
2.284591
4.835672
5.911728
4.228029
5.187250
5.132855
5.195682
3.475272
5.453489
2.854374
4.237551
4.827470
5.175979
4.419262
4.393269
4.502916
2.816318
4.252162
4.594368
2.972975
4.259961
4.836446
2.210860
2.760914
5.799199
5.328123
5.449731
5.563579
4.801067
5.294938
4.611639
2.870674
3.792426
4.742439
4.683372
3.883416
5.748617
4.270510
2.742923
3.671503
4.279840
5.124002
4.499807
4.392758
4.316469
5.112499
3.887947
5.061051
5.579992
2.319739
3.482005
3.790028
5.970635
5.230490
5.199056
4.724219
4.634936
3.683373
4.914414
3.880053
4.976722
2.865889
4.127342
3.267507
4.732935
3.892532
3.750075
3.805909
4.274212
5.201121
3.673559
5.194899
5.671419
4.962836
5.345766
2.267545
4.474488
5.541347
4.847388
2.380225
4.612266
4.284667
4.377852
2.748938
3.089976
5.197146
4.379354
4.471937
5.875310
3.150383
6.075456
5.492338
3.017189
5.426570
4.828517
3.194561
5.456414
5.423174
3.639913
5.865694
5.610680
4.829513
5.698516
4.686652
5.088154
3.377519
5.439296
5.588939
5.914577
4.797371
4.457674
5.066813
4.471679
1.977160
4.993196
4.464805
4.462101
4.012408
5.395628
5.550071
2.071766
4.386714
5.047591
5.781644
5.783788
5.310940
4.877623
3.197493
5.559608
3.455412
3.672847
5.181062
3.518377
5.138499
5.325265
2.611957
4.750310
3.397490
3.646064
4.147031
4.886710
5.478647
4.339678
5.344297
5.700578
4.249942
4.997905
5.544893
4.921945
4.340263
4.631114
4.893720
5.301950
4.831543
3.478627
4.916844
5.295713
4.608149
4.456898
5.562921
4.439073
4.694273
4.519861
4.956712
4.265172
3.063298
5.212399
3.636475
4.728340
3.912033
2.685881
5.371116
2.403061
5.074874
3.846257
3.107131
4.306576
3.044405
5.627692
4.700612
2.670119
5.824532
2.575696
5.737080
5.502336
3.489914
4.410027
3.202733
4.004134
2.794341
5.610705
4.377885
4.775076
2.867326
4.958646
4.614673
3.517268
4.460064
3.444946
4.735550
2.283183
4.521781
5.500681
4.962735
4.829703
2.613403
4.227247
4.352244
3.151228
4.023989
3.863024
4.027866
3.422779
5.854779
3.377381
3.177824
2.573638
4.577246
4.493680
5.299221
4.352537
4.576106
3.183925
5.018115
4.248890
3.226633
5.213110
5.122879
4.484589
3.197641
5.101317
2.898583
4.769710
3.133776
1.894865
5.092981
4.157774
2.273827
5.459049
4.602582
4.751275
3.139657
3.418516
4.848787
3.573729
4.734097
4.207376
3.222178
3.731077
4.311226
3.280659
5.820737
4.870667
5.207151
4.562120
5.516455
5.070961
4.674016
4.128855
5.326808
5.120569
5.163425
3.834304
5.299196
5.650928
4.702672
5.773491
2.390099
3.632185
5.363744
3.498185
3.727966
3.641169
4.402515
4.285265
5.329177
5.464178
4.614348
4.038164
5.715404
5.321849
5.362166
5.706091
5.251569
2.004423
2.572655
4.138988
3.306347
4.479285
5.406634
2.342335
2.865529
4.869066
3.805344
4.761423
3.835944
4.679924
3.710899
5.048500
4.917253
4.851436
4.198523
5.751587
1.776866
4.178854
5.584373
3.096061
4.049458
4.416514
3.741910
3.921025
4.403096
4.469230
3.576094
4.435423
4.357531
2.850884
4.537089
2.611726
4.902486
4.989617
1.884130
5.509077
6.016932
3.582879
4.996084
5.330965
4.460128
5.423272
3.555501
5.390181
5.860589
2.923030
2.576880
6.239799
4.540545
4.211727
2.926411
4.408171
5.292939
5.118826
5.027550
4.955370
3.722254
3.348351
4.524333
4.982965
4.503713
3.041557
5.265176
4.749321
3.876954
5.188696
5.594236
5.764094
5.572031
1.879253
4.812412
4.029547
3.272757
6.045350
4.974951
4.051323
5.572559
5.815877
1.802788
4.032490
2.000574
4.712042
4.015084
5.170968
5.882236
5.302613
4.493485
3.999645
3.844472
5.324440
3.069746
2.836424
4.968948
5.133036
4.592951
4.823404
5.526923
3.866094
5.018515
5.062281
5.019962
5.303363
5.036646
5.122422
4.919973
4.476856
4.987250
4.528018
2.611561
4.549150
3.222593
2.261907
4.663919
3.392257
5.654038
5.360667
4.283731
4.235652
5.029863
4.051803
5.299152
4.872968
2.737992
4.236441
4.635958
5.484486
5.065060
2.783906
4.131819
5.330602
3.655693
3.690055
5.755715
3.027505
2.165946
5.460059
5.023479
5.568833
4.314099
4.479484
4.571870
3.946212
3.842552
6.283469
4.849504
5.480995
4.980456
2.697414
5.679493
4.538267
4.296021
5.399079
3.496530
2.537343
5.307988
2.368124
5.158250
3.635772
4.410819
5.702499
3.818494
5.616040
3.769264
4.078393
3.146546
4.600135
4.469052
5.942632
3.737503
2.458608
3.406960
5.049583
3.774755
5.230651
5.377658
4.913579
4.760685
3.892962
5.420592
5.517288
2.928265
3.824031
3.446488
4.151131
4.124558
5.202950
5.208298
4.862108
5.781037
5.768839
4.399920
5.150888
1.583370
4.117125
5.180273
3.336503
5.163168
3.129273
3.737031
3.542682
4.355690
4.267914
2.609539
5.323231
4.713639
4.822453
5.275112
4.601899
3.311409
3.016979
5.593975
4.806417
4.898222
3.847465
3.765443
4.597184
4.768832
4.594747
4.564637
2.910262
4.353912
4.924443
4.657689
5.778386
3.449634
4.515335
5.435529
5.340625
4.230323
3.186587
4.953523
3.388491
5.208089
2.862475
4.887637
5.725536
5.300694
2.520184
3.257153
4.524487
3.014147
3.768121
4.120546
3.613099
5.588945
5.412401
5.271957
3.589871
3.187948
3.580062
4.743730
5.704024
3.679812
4.032745
4.106346
4.933990
4.903823
3.641117
5.085721
5.169793
5.463090
5.292064
4.517006
5.045248
2.961928
6.011786
5.764599
2.494437
1.972086
3.070037
5.275593
5.371042
5.375113
3.699760
4.960817
5.107879
3.809583
5.569765
3.163328
2.992728
4.320897
5.031589
3.000371
4.908113
2.835291
4.922786
4.184007
4.161584
2.170018
3.977084
3.368416
4.212593
5.503430
2.857309
5.393970
3.734427
4.842166
4.379130
4.452645
4.789482
2.504461
5.293371
3.761014
6.084405
6.191262
2.001256
4.312579
5.353415
4.728488
4.360630
3.718681
5.502200
5.315897
4.221689
2.369348
3.500338
5.500298
4.567924
4.685816
5.251305
3.613225
3.997783
5.595405
3.344020
4.195979
2.928841
4.529075
2.881049
5.077822
4.799942
3.536027
5.802101
5.520010
3.601616
4.471381
5.349623
4.388529
3.781300
3.418574
5.259425
4.702466
2.736561
4.789300
4.755707
5.545957
5.240057
4.438843
6.487125
5.659316
5.442655
5.929591
3.491854
4.787897
4.746687
5.646464
2.896246
5.481759
3.304947
4.484847
4.841410
4.781165
4.987133
4.341652
4.415964
4.201576
3.119732
4.837213
3.831947
2.459090
3.967649
3.875949
5.698716
4.137145
5.221257
4.413824
4.677386
2.554207
5.459339
3.596186
2.748826
5.454028
5.389401
4.148436
5.487382
4.837554
3.152843
5.581677
5.399002
4.644878
4.600102
5.059638
5.295290
4.461370
3.778038
4.898035
4.185850
4.331992
5.250251
3.432086
5.257103
5.597105
5.110858
5.398667
5.307232
5.407797
3.365134
3.820068
3.092477
5.648765
5.320986
3.581804
4.817314
5.541749
2.021205
4.228984
3.648516
4.384445
5.393605
4.189550
4.796124
1.482220
6.016706
3.011712
2.995134
4.680214
1.549053
5.608964
3.268810
5.156880
3.795671
1.746401
5.002854
3.685800
2.027290
2.964507
5.163860
4.865303
5.311416
4.667615
5.192304
5.821481
4.876108
5.166727
4.134625
4.672720
4.233846
2.483793
5.258105
4.298726
5.251361
4.839047
5.392938
3.388867
5.328725
4.627283
3.481547
4.077413
5.031883
3.324553
2.846964
3.779476
5.215948
4.440461
5.287227
4.401241
2.195500
3.545956
4.834812
4.710917
2.287006
2.537946
3.018107
5.753790
3.071209
3.714853
4.663069
4.864929
5.336722
4.211745
4.195755
5.530985
5.025161
4.786448
4.227303
2.871095
2.568295
4.386557
5.280918
5.408978
4.993229
1.899120
4.374582
5.576300
4.785189
5.186982
4.342800
4.602997
4.817790
4.310721
5.199347
5.696801
4.516287
5.242704
5.469434
2.938798
5.041436
3.426195
3.759077
3.704702
4.758247
4.161401
4.397723
5.642820
5.123100
4.918224
5.848095
4.891498
3.173416
2.130855
4.729425
3.900423
5.408225
4.585599
5.123423
3.470104
5.254539
3.392607
4.645307
5.440493
6.308904
3.390831
5.033771
5.256904
1.839317
5.386915
3.872983
2.860037
3.173899
3.447987
5.639030
3.777507
3.944169
4.861058
2.590182
4.556090
5.224332
5.511588
5.021310
4.181860
4.948019
5.102363
5.172100
4.740928
6.117404
4.023508
5.818876
5.353155
4.205025
5.326710
3.456420
4.320087
5.006324
5.755177
4.580344
2.323598
5.164298
3.745854
4.139187
4.135930
3.896447
4.811453
2.946054
2.044944
4.166784
5.286542
4.940820
4.778135
4.200214
4.814084
4.619498
4.717080
5.273651
2.829856
4.114842
4.164585
4.988389
4.303664
5.929379
4.393992
4.336705
4.449720
4.953494
4.227165
5.247025
2.263823
2.571352
4.593673
4.343042
4.280612
5.185575
3.122251
2.895517
4.411599
2.131067
3.514544
2.555933
4.021320
4.454995
4.788949
5.448717
5.526308
4.864184
3.588124
5.767029
5.238461
4.544450
4.631687
5.629563
2.425586
2.952500
3.918764
3.823481
4.597524
4.596910
5.395290
5.440606
4.450594
3.698645
5.002189
5.775742
4.516885
4.654964
4.929532
4.295240
4.192355
5.158237
1.498978
4.938616
4.498055
5.229977
3.697502
5.353226
4.431535
4.113664
3.688722
4.388592
4.405234
5.939249
5.272309
3.147538
4.195933
5.352044
3.469154
5.529500
3.999966
5.437245
3.738281
4.253006
4.963600
3.854832
4.513442
2.705206
4.119367
3.928041
3.264843
5.405711
4.463926
3.535548
2.209283
5.202460
4.797991
3.254164
4.180768
3.946846
4.691137
4.710393
5.168205
5.082316
4.023088
2.864268
3.393036
3.612164
3.767244
4.472297
5.100389
4.679102
4.031161
3.705400
4.878694
4.211743
5.413807
4.672624
4.743984
4.471544
3.678358
3.728049
5.849476
4.269766
2.943227
3.423406
5.327632
3.802182
5.342739
5.238088
5.028828
4.570128
4.029620
5.383474
4.624265
5.581603
4.193219
4.669955
1.783684
5.159169
3.451073
1.848358
4.969505
3.578942
5.074955
4.539507
4.375826
5.254458
5.300766
3.892868
4.462501
3.471504
2.541879
3.272966
4.728631
4.959142
5.543723
4.723723
4.030437
5.401539
5.041926
3.167667
4.028521
3.379108
4.247181
5.040549
5.151246
5.617745
4.305171
3.238229
5.018544
4.706686
2.650149
3.623230
2.613712
1.849561
5.454138
5.508630
4.962986
1.864600
3.928203
4.748128
5.051965
3.015742
5.722341
4.756731
4.655828
5.331880
3.339302
3.647023
4.343429
5.189281
5.429813
4.358935
4.994008
4.238051
5.488149
5.257246
5.593807
5.345429
2.995566
5.691619
4.666713
3.339857
5.561105
2.603084
4.710620
4.726807
4.119590
4.573023
5.695468
5.233790
4.425088
4.695189
4.635180
5.521695
5.127636
5.320277
5.951879
5.121450
3.556587
4.892086
4.384917
5.119965
3.687410
2.706915
2.788265
3.906523
3.613823
3.346393
1.956763
3.978952
3.425719
3.921951
2.636806
4.577693
5.509952
4.343961
4.376624
3.832664
5.014039
4.557947
3.725126
5.562211
4.347418
5.118095
5.296322
3.992835
4.775540
4.619528
4.875677
5.742958
4.421252
2.888206
3.824872
3.192446
4.452269
4.801195
5.466718
4.213376
5.180800
5.404505
3.918455
4.756867
4.495201
4.763789
5.071827
5.571631
3.336368
2.529792
5.026309
5.451422
5.476779
4.571163
4.143157
3.408774
4.525743
4.405984
5.712538
2.850776
5.661951
4.798205
3.302022
5.053951
4.954339
3.311482
4.826809
3.856796
4.730657
4.743491
3.835739
5.360446
2.828532
5.920953
4.144017
5.086983
4.172666
4.722641
5.260917
4.634787
4.531896
5.383870
2.413483
2.852709
4.080049
4.335144
3.776483
4.281384
1.806093
3.752940
5.027521
3.745875
4.865299
4.990714
3.891966
2.394927
4.146562
4.819692
5.127480
4.000770
4.831508
3.642362
5.185061
5.800038
3.636806
5.447044
3.890286
2.285019
3.622012
4.358530
2.922369
5.185693
3.599381
5.865864
4.674050
5.571152
4.194815
5.113781
3.427819
2.599636
4.852407
3.742939
4.925178
4.284035
5.108742
4.718475
4.467478
5.134407
2.515085
5.579808
5.107799
4.628887
4.702020
5.000103
2.191290
4.541034
3.369318
5.635525
4.543893
5.089758
4.799860
5.427353
5.672323
5.551035
3.999787
3.577252
4.174693
5.407246
5.704323
3.952557
3.364719
5.369800
2.536288
4.900871
5.703660
4.060046
5.116543
3.206537
5.102585
4.201854
1.434513
4.523810
4.769691
4.693028
4.818661
3.662925
5.190273
3.766923
3.158952
4.124110
5.637177
5.325538
5.341193
4.348812
4.723207
4.682650
4.675696
4.123284
5.891464
5.054264
4.911279
4.027486
3.326414
5.231115
4.900984
3.427833
4.945113
4.704004
5.481330
5.068782
4.487759
2.825161
3.594787
4.778248
3.265064
3.964207
3.054876
2.157507
2.945641
3.681843
5.688498
2.913213
5.187927
5.105696
2.532790
3.075591
4.270854
5.035908
5.219487
4.306498
4.899434
4.706389
4.777802
3.594536
2.226823
3.125848
3.443274
4.815357
3.373007
3.848494
2.569164
4.697910
4.211060
3.573739
5.408780
5.022336
3.501096
5.027330
4.937355
5.227803
4.189654
2.901279
2.983844
6.076687
5.400901
5.474248
5.176541
5.882289
5.648808
4.882578
5.351393
3.777540
5.207183
4.953386
4.988903
4.304246
4.514347
5.263765
5.168382
5.409204
5.279027
5.352388
4.378261
3.740061
4.054247
5.301912
3.782567
3.486166
4.235045
5.595726
3.587775
5.439167
3.865860
6.179803
4.528703
5.469977
5.204803
5.716809
5.271883
5.795832
4.756118
1.473048
3.653875
3.617139
4.757822
3.091182
5.182630
4.842341
5.436540
3.720733
4.758406
5.407602
5.402662
3.262061
4.635241
4.627434
4.841576
3.965111
4.790407
3.584625
2.642592
5.251674
5.420033
5.139597
5.835364
4.382627
4.718368
5.213637
5.603822
5.136875
2.688518
3.545551
3.116711
4.891427
5.351827
4.954461
4.888821
4.562500
4.709074
4.959814
3.671572
4.295245
4.434309
4.757047
4.796282
5.332142
5.044201
2.233145
4.288454
4.853782
1.845803
5.385900
5.421417
4.964499
6.326600
4.186200
3.933888
3.805176
2.894045
3.041945
4.830449
4.123817
5.358957
4.238723
5.061431
5.173084
4.694051
3.027738
5.155639
4.407206
3.472601
5.452863
5.199533
4.166773
4.488030
5.083450
5.336522
3.581798
6.010773
5.436887
4.951762
5.442616
4.887110
5.605167
4.267494
4.203765
4.498297
5.154498
3.393637
5.089991
5.133340
3.967330
5.670051
3.156236
5.239918
4.086095
4.616491
4.918680
5.013418
5.159585
4.602498
5.229926
5.216981
5.096535
5.149213
5.590701
3.400173
4.941676
5.441861
6.027217
3.932022
3.868267
5.401561
2.083305
5.955110
5.513029
3.503110
3.763144
2.451836
2.977949
4.719004
5.470009
3.721153
5.188793
5.607884
5.746584
2.695026
5.264229
4.736178
5.153241
4.356422
3.193933
5.562730
5.827947
5.568983
4.804540
5.395216
4.195008
5.341380
3.949174
2.093869
4.026630
4.503311
4.877168
5.179210
4.172582
4.908574
2.256599
5.611339
4.650208
5.879991
3.874357
4.978051
4.949684
3.968193
3.785773
2.491992
3.295686
5.494703
4.390488
4.827055
3.313846
4.723421
5.018137
4.707524
5.448262
2.855578
4.083594
4.778634
4.639678
4.269994
4.154199
5.325362
3.601622
4.784241
4.813316
3.679691
5.741961
5.388035
5.061843
4.981085
4.825578
2.476237
5.308292
5.472485
5.284865
3.496755
4.006402
4.411303
5.196100
4.591740
4.813518
4.913250
4.593489
2.208748
4.604173
5.272367
4.595354
1.434495
2.610916
4.374833
5.172932
5.238420
3.793893
4.478420
2.604567
4.131995
3.523563
4.132450
5.029567
5.227561
1.592744
4.125024
2.558461
4.699564
6.024796
2.397610
5.778227
2.417773
3.841765
3.986165
3.295527
4.188632
4.410360
4.814184
4.055588
4.624375
3.118229
2.351759
2.575219
5.545721
4.957761
4.249862
4.609091
5.071800
4.532040
3.851380
2.534670
4.258704
4.518781
4.598794
4.219473
3.743585
4.925997
3.801621
4.723932
4.163478
4.874124
4.203968
4.134811
4.306148
5.103876
3.393114
5.598893
3.623853
5.892477
4.454931
5.154699
3.246116
6.013448
3.779770
5.402566
2.954143
5.491159
2.966327
3.483588
3.592166
3.070358
5.483742
5.713628
2.892250
4.014946
1.962927
4.577348
4.079994
5.421722
4.925855
4.847930
4.622021
3.618100
5.802179
4.632838
3.987221
5.502481
5.200656
3.542466
5.332451
3.121617
5.229239
5.320265
3.524176
5.269210
2.833348
4.454139
4.884563
1.992477
5.659172
5.501372
5.475209
1.845068
4.302810
3.439842
3.583833
5.508574
4.301310
3.623411
5.356417
4.458176
5.509681
5.501685
1.764233
6.073931
5.307688
5.140927
4.888775
4.474194
5.794509
3.851415
4.694233
4.844089
3.891114
5.979458
5.127721
2.621343
5.007150
4.064240
3.538282
4.653824
3.764278
5.935236
4.647016
3.859527
3.202086
4.723479
3.986187
3.196979
4.269264
5.401741
5.015197
3.577248
4.017197
5.150451
5.719869
5.705058
5.165797
4.572689
4.111300
4.701364
4.945410
2.344301
5.003023
4.203315
4.160957
2.337557
5.130926
5.125356
2.349803
4.835334
4.527238
4.822314
4.671100
5.926244
5.930634
3.877223
2.591825
3.531798
4.459464
4.276902
3.865206
3.055430
3.892403
5.413692
5.399423
3.575412
4.021817
4.759844
4.177199
5.296906
4.860001
4.965405
5.351598
3.716393
4.964776
2.395626
5.233739
2.328540
4.377217
5.068018
5.120886
5.542415
5.559493
5.945270
4.971110
4.949016
3.845274
5.369990
3.527944
3.979281
4.613534
5.332499
5.831862
5.736322
4.810768
1.844800
5.515646
3.175565
3.325942
4.440750
4.058384
5.410351
5.964132
5.176889
5.177293
4.354632
5.726414
3.102868
5.299823
4.280393
1.993440
3.667654
2.515510
2.271271
3.542568
4.282335
5.533545
4.981654
5.325794
3.472041
4.935544
3.057376
4.740651
3.941993
4.373745
4.558491
4.701673
2.578655
4.795712
3.651066
5.919541
3.615955
5.685145
2.549442
4.336572
6.178010
3.160078
4.528207
3.618041
5.455303
2.605488
4.931311
4.536443
5.855742
4.599368
4.895957
5.162378
4.763647
4.870468
4.625457
3.567905
4.064954
5.761819
2.833526
3.022362
4.382898
4.924627
3.778529
5.096478
5.016869
4.747715
4.809938
4.281062
4.344754
4.474312
5.119355
5.937558
5.095485
4.228225
4.370038
5.191216
5.134645
4.336528
2.225912
4.920406
5.311714
5.145341
4.435932
5.528864
5.445855
4.398087
4.128207
1.400064
5.049788
5.663631
5.064386
2.548883
5.712987
5.367002
5.463733
3.920924
2.864563
5.763197
3.478321
5.560687
3.478151
4.268867
4.557083
3.134874
2.199955
4.806434
3.885754
5.584079
4.754833
2.819662
4.609160
4.269662
4.775851
5.565677
3.704273
2.189760
5.185418
5.894298
4.638305
4.667622
5.043921
2.860128
5.210661
4.211019
4.417998
3.512435
5.511957
4.209318
4.837965
3.800269
5.219266
4.439816
5.045592
4.798151
5.362844
4.391413
5.344056
2.864806
2.681540
5.777873
5.284328
5.152022
4.873466
4.726490
5.155098
4.266149
4.891422
4.957201
4.789932
4.019252
3.629184
4.084657
3.084897
4.755073
4.697796
5.101157
5.685823
5.464119
4.527350
1.871606
4.498955
4.515622
3.507443
4.727812
4.359316
5.219724
4.863272
4.695042
5.290929
2.740369
5.214571
3.335379
5.536916
4.327145
4.789216
4.719110
2.319379
5.073995
3.644798
4.718599
5.048829
5.451488
2.473479
2.296309
3.431762
2.597614
4.245704
5.222882
5.000537
5.921266
2.016070
5.255363
4.239483
5.105529
5.033942
4.580081
5.563701
3.303972
4.122483
3.752539
5.372378
3.124748
5.678256
3.864251
4.634858
5.348825
4.482078
5.588700
5.970877
4.995941
4.770477
4.984746
3.792065
4.060975
3.960186
5.551568
3.655232
2.733932
5.489152
2.791749
3.324664
4.480598
5.445866
4.234297
4.199831
5.434353
4.157905
5.174335
4.978405
3.105002
5.772271
4.272136
2.413777
4.077464
4.969122
5.164758
2.386820
5.506837
5.985156
4.065735
3.839750
4.660495
5.764898
5.359358
4.814332
5.766294
5.736135
5.209190
1.558957
5.148532
5.155929
4.635806
4.854921
5.017524
5.836601
5.077108
5.664765
3.721657
5.100336
4.290143
4.665559
5.443828
5.949680
4.242662
5.591848
4.650987
5.616280
5.775015
3.594593
4.863142
5.540674
4.772840
4.601915
3.256797
5.593917
2.738778
5.400432
5.118727
3.320306
4.219915
3.938343
4.073888
3.603955
5.191759
3.206354
2.404099
4.620067
5.275340
4.234584
4.969455
5.264217
5.199031
3.634975
4.659774
5.250489
4.891310
4.640821
4.944147
5.218430
5.571191
4.657867
4.742299
2.828485
3.807322
5.177523
4.967897
4.658671
5.899181
3.107791
4.826921
4.552712
3.260373
4.875148
5.530746
5.349064
3.420958
5.363506
2.952224
3.430769
1.920923
5.400833
3.558939
5.411402
4.288002
5.420732
3.720422
2.780290
4.775126
3.776750
4.565611
4.824099
4.069007
4.840715
4.722994
4.345802
2.825315
5.456115
3.891430
3.362578
4.345902
4.756767
3.953237
3.329891
3.049788
4.707055
5.019772
4.980305
4.183785
4.571149
3.090860
5.560256
2.706512
2.473447
3.576929
5.196246
3.155840
2.580476
4.744887
3.706409
3.885920
3.478077
5.446198
4.716420
4.969687
3.916441
2.573629
5.034888
3.549313
5.138474
4.075828
5.052172
4.242277
4.628560
5.684194
4.328508
5.768064
3.722327
5.439662
3.312687
5.472727
4.850265
5.823993
3.406826
5.924763
5.155999
3.659657
3.157418
5.211674
5.219149
5.164492
4.527354
2.966759
4.935672
4.795461
5.836196
2.800613
5.732044
4.841163
3.935488
4.860808
2.894681
4.429382
4.131578
4.312815
4.242125
3.495265
4.924692
2.923562
4.974100
4.499186
4.731526
3.880752
5.323996
4.175843
5.315748
1.760167
4.041411
4.367496
2.263424
5.116052
5.199393
3.439454
4.598471
3.689686
4.721624
5.586650
3.692610
4.487509
4.364726
5.509280
6.558316
2.981620
3.698987
5.426199
4.239118
4.967657
2.088977
4.330035
3.459853
2.076451
3.654386
4.809299
6.266315
4.213290
5.748239
5.280630
3.219749
5.182640
4.527283
4.639534
3.361427
5.524651
3.904973
4.466902
2.970969
4.916378
3.749210
2.874365
5.398384
3.572840
4.987937
4.914768
3.593482
4.085232
4.344522
3.603817
5.189696
4.465363
4.516314
4.664602
1.849326
5.040305
5.323635
4.372931
4.962235
4.306359
3.309016
5.740839
3.536138
5.246374
4.592470
5.891317
4.611895
3.482644
5.327729
4.965160
4.188451
2.300332
3.876298
5.680737
4.515109
4.653599
3.627476
4.169833
5.149650
4.899797
4.486251
3.130864
3.736791
4.383166
4.903346
3.490281
4.599872
2.317179
3.551800
3.185699
2.909163
3.937626
2.673931
3.862107
5.059151
2.725264
5.779827
4.041956
4.995224
4.682179
5.418826
5.933554
5.083808
4.290840
5.027794
3.974154
3.666084
4.583158
4.565619
4.159221
4.629973
4.740510
3.705992
4.903020
5.443953
5.273941
4.690149
4.719336
4.034240
4.921815
5.043391
4.112832
5.685755
3.153857
1.907906
5.357829
5.249003
5.115677
4.743598
5.170873
5.250876
3.034404
3.160626
5.228041
4.928471
5.238200
5.243936
5.633877
3.824650
3.874610
4.116395
5.602233
4.934455
3.206368
5.878576
3.616246
3.079444
2.088981
3.959750
2.228692
5.165288
5.450889
4.647221
4.160822
2.954475
5.752666
4.515179
4.930917
3.022559
6.009645
4.108389
5.564807
5.240896
5.267835
4.868292
5.514470
2.110487
5.304239
4.470621
5.065241
5.086933
5.181824
4.675117
4.285419
5.626808
2.648208
3.858901
5.614959
4.120685
4.550667
4.527413
5.767339
5.101144
4.970268
4.937729
4.794165
3.969419
5.184348
4.324438
3.501073
3.219540
2.489669
2.440441
3.304274
5.451714
3.320399
5.220014
4.703250
4.722638
3.994708
4.435494
4.880291
4.787110
5.112741
4.975587
3.483161
5.494451
3.496248
3.390672
3.424462
4.973421
5.215056
2.984848
3.415992
4.578482
5.569225
5.537311
4.318752
4.214048
5.312719
1.486005
5.470249
3.926664
5.875313
2.928040
4.987679
5.688437
4.931684
4.207752
3.887992
3.392773
2.045080
3.425211
3.836610
4.772585
4.728313
3.935453
3.404612
2.498687
5.243899
5.754626
4.750268
5.769514
4.825378
5.773026
4.173590
1.624380
5.409220
5.417723
3.413594
3.940183
4.404897
5.658743
4.100218
2.657695
5.402514
4.062153
5.261983
3.555066
4.504828
5.540329
3.203872
3.665427
5.159112
5.983761
4.385855
4.605576
3.738490
5.579872
5.444505
4.728310
5.844930
4.539744
4.869512
5.890463
4.717276
5.261554
4.897802
4.823021
3.857664
3.962154
5.690663
5.513144
4.902987
3.572732
5.768476
5.519361
3.359858
6.129229
3.040898
4.825216
5.505502
4.622980
4.955452
5.363914
2.449693
4.173573
4.736585
5.019567
1.879648
5.434391
5.043095
5.181433
3.627403
5.718088
3.224209
4.526817
3.604181
2.561871
3.508057
5.714469
4.422475
4.897893
